# WF1003-C2S4 raw measurement (read-only investigation, descriptive numbers only, no thresholds)
# repo HEAD bee2889 (FM fix landed in 59c0b06; old Envelope.h = 804bf037b4d57346420fe5f5ebd49ca6a5cbd0ea:src/dsp/Envelope.h; FMPianoEngine.h / NoiseGen.h byte-identical in both)
# harness = mirror of WF1002-C2 c2_fm_harness "mirror" mode (dry Synthesiser, 512-sample blocks, 48 kHz, one pset), see wf1003_C2S4_raw_method_sources.txt
# <C2S4> = E:/Tsuki-project/_scratch/wf1003/C2S4 (outside the repo)
# S4 re-strike interval swept over one fundamental period

# S4 pattern, midi 60, T = 24000 + d samples (on = i*T, off = on+2T), release 1500 ms, 1024 voices (no steals)
# phase step per re-strike of the fundamental = frac(f0*T) cycles; f0 = 261.6256 Hz -> period 183.5 samples
d_samples,T_ms,frac_f0T,old_rms_dbfs,new_rms_dbfs,new_minus_old_rms_dB,old_peak_dbfs,new_peak_dbfs,new_minus_old_peak_dB
0,500.0000,0.8128,-26.974,-25.502,+1.473,-16.487,-16.388,+0.098
4,500.0833,0.8346,-26.205,-24.693,+1.511,-16.039,-16.045,-0.005
8,500.1667,0.8564,-25.329,-23.966,+1.363,-15.486,-15.531,-0.045
12,500.2500,0.8782,-24.340,-23.330,+1.009,-14.790,-14.962,-0.171
16,500.3333,0.9000,-23.236,-22.796,+0.440,-14.185,-14.605,-0.420
20,500.4167,0.9218,-22.020,-22.362,-0.342,-13.576,-14.475,-0.899
24,500.5000,0.9436,-20.748,-22.033,-1.285,-13.049,-14.601,-1.552
28,500.5833,0.9654,-19.572,-21.812,-2.239,-12.785,-15.033,-2.248
32,500.6667,0.9872,-18.789,-21.696,-2.907,-12.887,-15.366,-2.480
36,500.7500,0.0090,-18.722,-21.687,-2.965,-12.855,-15.497,-2.642
40,500.8333,0.0308,-19.400,-21.788,-2.387,-12.993,-15.404,-2.411
44,500.9167,0.0526,-20.534,-21.993,-1.459,-13.088,-14.832,-1.744
48,501.0000,0.0744,-21.802,-22.304,-0.503,-13.536,-14.597,-1.061
52,501.0833,0.0962,-23.038,-22.722,+0.316,-14.041,-14.574,-0.534
56,501.1667,0.1180,-24.167,-23.240,+0.927,-14.650,-14.821,-0.171
60,501.2500,0.1398,-25.177,-23.857,+1.320,-15.305,-15.354,-0.049
64,501.3333,0.1616,-26.071,-24.568,+1.503,-15.929,-15.935,-0.006
68,501.4167,0.1834,-26.855,-25.359,+1.496,-16.250,-16.341,-0.092
72,501.5000,0.2052,-27.540,-26.215,+1.325,-16.325,-16.267,+0.058
76,501.5833,0.2270,-28.132,-27.110,+1.022,-16.204,-16.209,-0.005
80,501.6667,0.2488,-28.631,-27.997,+0.634,-16.119,-16.123,-0.004
84,501.7500,0.2706,-29.041,-28.819,+0.223,-16.238,-16.241,-0.003
88,501.8333,0.2924,-29.367,-29.511,-0.143,-16.537,-16.539,-0.002
92,501.9167,0.3142,-29.610,-30.009,-0.399,-16.999,-17.000,-0.000
96,502.0000,0.3360,-29.776,-30.289,-0.513,-17.169,-17.169,+0.000
100,502.0833,0.3578,-29.873,-30.366,-0.493,-17.206,-17.206,+0.000
104,502.1667,0.3796,-29.906,-30.287,-0.381,-17.305,-17.305,+0.000
108,502.2500,0.4014,-29.890,-30.118,-0.228,-17.474,-17.474,+0.000
112,502.3333,0.4232,-29.842,-29.917,-0.076,-17.564,-17.564,+0.000
116,502.4167,0.4450,-29.782,-29.733,+0.049,-17.451,-17.451,+0.000
120,502.5000,0.4668,-29.727,-29.592,+0.135,-17.385,-17.385,+0.000
124,502.5833,0.4886,-29.694,-29.516,+0.177,-17.367,-17.367,+0.000
128,502.6667,0.5105,-29.696,-29.516,+0.180,-17.383,-17.383,+0.000
132,502.7500,0.5323,-29.727,-29.588,+0.139,-17.428,-17.428,+0.000
136,502.8333,0.5541,-29.780,-29.725,+0.054,-17.512,-17.512,+0.000
140,502.9167,0.5759,-29.841,-29.911,-0.070,-17.637,-17.637,+0.000
144,503.0000,0.5977,-29.888,-30.111,-0.223,-17.537,-17.537,+0.000
148,503.0833,0.6195,-29.902,-30.281,-0.379,-17.461,-17.461,+0.000
152,503.1667,0.6413,-29.870,-30.364,-0.494,-17.479,-17.479,+0.000
156,503.2500,0.6631,-29.776,-30.292,-0.516,-17.536,-17.536,+0.000
160,503.3333,0.6849,-29.611,-30.016,-0.405,-17.241,-17.242,-0.001
164,503.4167,0.7067,-29.372,-29.522,-0.150,-16.833,-16.835,-0.003
168,503.5000,0.7285,-29.048,-28.834,+0.214,-16.597,-16.601,-0.004
172,503.5833,0.7503,-28.640,-28.014,+0.626,-16.548,-16.554,-0.005
176,503.6667,0.7721,-28.147,-27.131,+1.017,-16.682,-16.686,-0.004
180,503.7500,0.7939,-27.559,-26.240,+1.320,-16.747,-16.636,+0.112
184,503.8333,0.8157,-26.878,-25.386,+1.492,-16.518,-16.468,+0.050
# summary rms: new-old mean +0.030 dB, min -2.965, max +1.511, std 1.105 ; share of points where new is louder: 25/47
# summary peak: new-old mean -0.346 dB, min -2.642, max +0.112
# energy-domain mean of new/old ratio: +0.161 dB
